0.635 [8784]
0.252 [4362]
0.572 [7822]
0.642 [10069]
0.694 [5520]
0.759 [6253]
0.774 [6253 8784]
0.826 [4362 8784]
0.660 [7775]
0.709 [5236]
0.826 [2047]
0.732 [8784 10069]
0.576 [1848]
0.654 [5936]
0.602 [9454]
0.679 [7401]
0.413 [2570]
0.826 [3440 8784]
0.668 [8784 11628]
0.824 [5520 7822]
0.698 [10082]
0.751 [4895]
0.759 [5619]
0.427 [1342]
0.675 [1848 3118]
0.589 [8699 10069]
0.594 [1209 4362]
0.155 [1209]
0.332 [6393]
0.386 [7983]
0.568 [8769 10069]
0.566 [8699 8769 10069]
0.470 [9317]
0.243 [192]
0.336 [4362 11628]
0.263 [1688]
0.414 [8699 8769]
0.188 [2947]
0.098 [3440]
0.277 [6897]
0.286 [3118]
0.259 [4024]
0.309 [9001]
0.208 [8699]
0.231 [9628]
0.313 [4698]
0.328 [1891]
0.155 [8769]
0.280 [12187]
0.083 [6369]
0.201 [6474]
0.205 [3440 4362]
0.235 [6160]
0.223 [10042]
0.162 [557]
0.106 [4790]
0.173 [10411]
0.158 [2163]
0.125 [1345]
0.109 [1658]
0.114 [2947 9739]
0.133 [3143]
0.113 [2728]
0.013 [916]
0.006 [11868]
-0.052 [9318]
-0.035 [1485]
-0.026 [6528]
-0.075 [4206]
-0.108 [12123]
-0.132 [4973]
-0.214 [4616]
-0.137 [8380]
-0.052 [11628]
-0.271 [5174]
-0.365 [11009]
-0.330 [7592]
-0.453 [3603]
-0.459 [4359]
-0.465 [11696]
-0.411 [11476]
-0.414 [3828]
-0.740 [10213]
-0.763 [3518]
-0.764 [8860]
-0.595 [5865]
-0.684 [10340]
-0.470 [10483]
-0.432 [9739]
-1.344 [1015]
-0.981 [4947]
-0.886 [2560]
-1.141 [3880]
-0.783 [3818]
-1.286 [5094]
-1.062 [7055]
-0.563 [10752]
-1.853 [2296]
-1.138 [4488]
-2.544 [10763]
-2.707 [11340]
-1.586 [5875]
