0.935 [7244]
0.543 [4488]
0.935 [4488 7244]
0.282 [1565]
0.387 [931]
0.935 [1565 4488]
0.935 [1565 7244]
0.164 [5126]
0.535 [1067]
0.622 [7509]
0.935 [1565 4488 7244]
0.713 [11466]
0.640 [8406]
0.388 [3518]
0.414 [4805]
0.290 [1015]
0.817 [8554]
0.520 [10474]
0.604 [4155]
0.790 [7063]
0.189 [9739]
0.623 [5068]
0.425 [9776]
0.754 [9165]
0.316 [5599]
0.533 [1312]
0.317 [10006]
0.356 [1067 8933]
0.490 [1484]
0.386 [10254]
0.396 [3772]
0.174 [11476]
0.417 [5205]
0.205 [3603]
0.311 [5126 8933]
0.293 [373]
0.257 [2106]
0.179 [3637]
0.135 [10169]
0.025 [8262]
0.009 [1642]
0.006 [6860]
-0.012 [2044]
-0.076 [3027]
-0.067 [8380]
-0.207 [11217]
-0.129 [10213]
-0.337 [2101]
-0.287 [10439]
-0.207 [9801]
-0.381 [1658]
-0.181 [1565 8933]
-0.383 [10479]
-0.259 [7181]
-0.467 [173]
-0.550 [8699]
-0.457 [8769]
-0.572 [4790]
-0.644 [11696]
-0.629 [11187]
-0.711 [1440]
-0.619 [192]
-0.356 [8860]
-0.513 [2947]
-0.342 [6369]
-0.935 [7069]
-0.442 [9811]
-0.856 [1438]
-0.198 [10752]
-0.625 [10510]
-0.437 [3880]
-0.456 [1209]
-1.065 [10483]
-0.846 [11250]
-1.390 [3818]
-1.296 [5094]
-1.108 [7055]
-0.760 [3440]
-2.132 [2296]
-1.418 [8333]
-1.553 [11628]
-1.944 [801]
-2.819 [11340]
-1.668 [109]
-0.454 [8933]
-1.543 [5875]
