0.531 [11340]
0.905 [8295]
0.390 [8333]
0.300 [2296]
0.510 [10763 11340]
0.417 [3818]
0.409 [11250]
0.554 [6918]
0.333 [6142]
0.700 [3407]
0.572 [5039]
0.591 [7513]
0.319 [5865]
0.242 [10483]
0.308 [10510]
0.806 [5747]
0.643 [3818 5039]
0.523 [6142 11340]
0.618 [2296 8333]
0.469 [554]
0.470 [1438 11340]
0.664 [6839]
0.552 [6715]
0.518 [7153 11340]
0.552 [6998]
0.421 [8535]
0.506 [6142 7153 11340]
0.527 [10307]
0.553 [8438 11340]
0.470 [6063]
0.114 [3880]
0.337 [1565 11250]
0.239 [11696]
0.276 [6142 7153]
0.253 [6733]
0.340 [3818 9887]
0.383 [7768]
0.294 [9887]
0.158 [7153]
0.168 [11009]
0.166 [10479]
0.123 [11437]
0.027 [10752]
0.076 [5755]
0.017 [7116]
0.010 [1824]
-0.034 [4973]
-0.109 [9017]
-0.098 [3306]
-0.106 [5336]
-0.161 [2248]
-0.169 [6860]
-0.173 [1642]
-0.190 [8262]
-0.167 [7181]
-0.125 [1438]
-0.233 [6431]
-0.370 [8477]
-0.509 [10439]
-0.390 [8288]
-0.365 [10213]
-0.589 [1688]
-0.386 [7069]
-0.659 [6528]
-0.816 [4805]
-0.823 [3828]
-0.558 [8438]
-0.890 [9811]
-0.726 [4947]
-1.027 [3254]
-1.513 [1209]
-1.585 [3440]
-0.925 [5094]
-1.414 [931]
-1.127 [11628]
-0.552 [1565]
-0.366 [5126]
-2.963 [4362]
-0.318 [10763]
-1.975 [8933]
-1.819 [8784]
