0.624 [109]
0.672 [801]
0.765 [109 801]
0.190 [8933]
0.867 [109 10763]
0.434 [5094]
0.871 [801 10763]
0.117 [10763]
0.365 [2560]
0.634 [8933 10763]
0.351 [4947]
0.648 [9204]
0.699 [8438 8933]
0.550 [1144]
0.267 [8438]
0.880 [109 801 10763]
0.487 [5579]
0.470 [9646]
0.701 [5094 8933]
0.641 [11691]
0.766 [9130]
0.775 [4947 8933]
0.482 [9290]
0.773 [801 11628]
0.706 [2510]
0.625 [2850]
0.699 [801 6528]
0.532 [10529]
0.411 [4947 10763]
0.295 [11187]
0.427 [3203]
0.516 [5579 10763]
0.490 [801 4362]
0.276 [8438 10763]
0.408 [2560 12031]
0.346 [7070]
0.238 [1847]
0.289 [12031]
0.266 [4362 10763]
0.167 [8288]
0.246 [8359]
0.124 [2101]
0.176 [6578]
0.107 [1440 8933]
0.053 [6431]
0.054 [1440]
0.081 [9248]
0.066 [6652]
0.039 [4616]
0.027 [11217]
0.005 [1565 8933]
-0.064 [3306]
-0.057 [5336]
-0.125 [2275]
-0.174 [1824]
-0.139 [1485]
-0.251 [5755]
-0.247 [5174]
-0.280 [8380]
-0.294 [6528]
-0.356 [7153]
-0.620 [4359]
-0.155 [9070]
-0.353 [9811]
-0.597 [8860]
-1.062 [1015]
-0.271 [11628]
-1.053 [10763 11340]
-0.962 [1209]
-0.890 [9739]
-0.641 [6142]
-0.710 [3440]
-1.168 [3818]
-0.737 [931]
-0.757 [8333]
-0.657 [10752]
-0.580 [2296]
-0.557 [1565]
-2.068 [5126]
-2.361 [5875]
-0.943 [4362]
-1.180 [11340]
