0.568 [5875]
0.829 [9396]
0.745 [8847]
0.675 [11078]
0.459 [7055]
0.444 [3254]
0.838 [5875 8847]
0.520 [1105]
0.697 [5875 11340]
0.327 [10340]
0.486 [5815]
0.432 [12061]
0.541 [9124]
0.581 [3229]
0.769 [3254 5875]
0.644 [5515]
0.673 [98 5515]
0.612 [98]
0.559 [9726]
0.617 [6468]
0.336 [5875 10213]
0.561 [3880 5875]
0.447 [5875 8933]
0.455 [2425]
0.174 [3828]
0.141 [9811]
0.381 [5126 5875]
0.441 [286]
0.128 [8860]
0.151 [7069]
0.203 [4359]
0.194 [173]
0.320 [4362 5875]
0.141 [8477]
0.117 [7592]
0.163 [4186]
0.176 [5444]
0.177 [7868]
0.083 [10439]
0.066 [5174]
0.089 [8933 11628]
0.101 [1122]
0.063 [4184]
0.025 [9801]
0.003 [4362 8933]
-0.009 [2248]
-0.004 [7181]
-0.007 [9070]
-0.033 [2275]
-0.053 [9017]
-0.068 [12123]
-0.083 [3027]
-0.037 [10213]
-0.100 [4206]
-0.039 [1438]
-0.124 [9318]
-0.242 [9248]
-0.173 [7116]
-0.292 [11437]
-0.151 [6528]
-0.211 [1440]
-0.307 [4790]
-0.466 [6733]
-0.451 [1847]
-0.556 [10006]
-0.554 [5599]
-0.668 [6393]
-0.586 [192]
-0.124 [11628]
-0.281 [3880]
-0.297 [3440]
-0.513 [1015]
-1.081 [6918]
-1.003 [5865]
-0.594 [10483]
-0.668 [2560]
-1.524 [3818]
-1.305 [7822]
-0.624 [6142]
-1.656 [10752]
-0.783 [8333]
-1.594 [2296]
-2.491 [801]
-0.404 [5126]
-0.382 [8933]
-0.523 [4362]
-1.178 [10763]
-1.018 [11340]
