1324 [8933]
1120 [10763]
1038 [109]
821 [801]
454 [4362]
435 [109 801]
418 [11628]
408 [11340]
384 [5094]
365 [1565]
352 [9070]
351 [2560]
340 [4947]
327 [2296]
324 [8438]
264 [10752]
228 [8333]
228 [1565 8933]
217 [109 10763]
211 [9811]
206 [6142]
193 [931]
190 [8933 10763]
188 [3440]
177 [1144]
169 [801 10763]
165 [9204]
165 [6431]
161 [1440]
160 [11187]
158 [8288]
152 [6528]
146 [9739]
145 [8438 8933]
142 [5875]
139 [1847]
138 [5579]
137 [8380]
137 [8860]
137 [9646]
135 [1209]
134 [8438 10763]
129 [11217]
128 [7153]
126 [9290]
126 [1485]
124 [5126]
119 [2101]
117 [5174]
116 [3818]
115 [4947 10763]
110 [5336]
109 [10763 11340]
108 [4616]
105 [12031]
103 [3203]
102 [9248]
102 [2275]
101 [1015]
100 [1440 8933]
100 [4362 10763]
98 [11691]
98 [5755]
98 [109 801 10763]
97 [7070]
92 [2850]
92 [3306]
91 [5094 8933]
90 [10529]
90 [6652]
90 [2560 12031]
85 [2510]
81 [9130]
81 [5579 10763]
80 [1824]
80 [4359]
80 [801 4362]
80 [4947 8933]
79 [6578]
79 [801 6528]
78 [8359]
78 [801 11628]
77 [11502]
77 [8933 11628]
75 [8769]
75 [1067]
75 [4362 8933]
74 [173]
74 [109 4362]
74 [109 11628]
74 [6142 7153]
73 [1665]
73 [2671]
73 [3603]
73 [109 2560]
72 [11443]
72 [3254]
72 [5750]
72 [7592]
71 [2387]
71 [11591]
71 [109 9646]
70 [10340]
70 [801 2560]
69 [1658]
69 [10169]
67 [11618]
67 [4802]
65 [9033]
65 [10093]
65 [3470]
65 [3880]
65 [6897]
65 [8077]
64 [5865]
63 [1067 8933]
62 [557]
62 [10333]
62 [5444]
62 [8042]
61 [8784]
61 [10043]
60 [12061]
60 [6282]
60 [7868]
60 [1440 10763]
60 [10763 11628]
59 [554]
59 [9004]
59 [9552]
59 [4008]
58 [109 8933]
58 [1144 10752]
58 [9811 10763]
57 [2528]
57 [2560 10763]
57 [4947 11340]
56 [64]
56 [8966]
56 [10483]
56 [4463]
56 [8438 8933 10763]
55 [1105]
55 [2159]
55 [4882]
55 [109 2296]
54 [3027]
54 [6146]
53 [2626]
53 [2296 8933]
52 [1342]
52 [10982]
52 [4279]
52 [4476]
52 [8064]
52 [801 8380]
52 [2560 11628]
52 [8933 9070]
52 [109 801 2560]
51 [8833]
51 [9801]
51 [11476]
51 [4186]
51 [6142 11340]
50 [9839]
50 [5714]
49 [5601]
49 [7385]
49 [8003]
49 [4362 11628]
48 [10235]
48 [10254]
48 [3065]
48 [3083]
48 [7225]
48 [6431 8933]
48 [109 801 11628]
47 [2376]
47 [11422]
47 [3518]
47 [3470 10333]
47 [4802 5755]
46 [10439]
46 [3828]
46 [5915]
46 [1824 8333]
46 [5094 10763]
45 [3785]
45 [2560 8933]
45 [8288 9204]
45 [8933 11340]
44 [8502]
44 [9310]
44 [9753]
44 [9776]
44 [11291]
44 [1209 8933]
44 [3440 8933]
44 [8933 9290]
43 [9199]
43 [2947]
43 [3719]
43 [8001]
42 [9880]
42 [11197]
42 [5651]
42 [7783]
42 [109 4947]
42 [2296 9248]
42 [1440 8933 10763]
41 [12123]
40 [8924]
40 [862]
40 [11437]
40 [4733]
40 [4863]
40 [6369]
40 [8933 10752]
39 [8474]
39 [1599]
39 [2122]
39 [2194]
39 [2347]
39 [4377]
39 [6733]
39 [1440 9811]
39 [2296 5094]
39 [6142 10763]
