833 [5126]
799 [8933]
623 [1565]
499 [4488]
428 [10752]
399 [931]
352 [9739]
336 [7244]
287 [1015]
265 [5875]
239 [3518]
237 [4488 7244]
221 [1067]
221 [1209]
221 [3880]
209 [4805]
201 [109]
194 [11476]
192 [6369]
190 [7509]
190 [1565 8933]
183 [9811]
181 [10213]
175 [3440]
171 [8860]
169 [8380]
155 [1565 4488]
151 [1565 7244]
149 [11250]
147 [8406]
143 [5599]
143 [7181]
141 [8262]
140 [10006]
137 [9776]
137 [9801]
137 [11466]
137 [3603]
136 [10510]
131 [10474]
127 [801]
123 [2947]
122 [1067 8933]
120 [7055]
120 [1565 4488 7244]
119 [8333]
117 [11628]
115 [10483]
112 [4155]
110 [1642]
105 [11340]
104 [11217]
102 [5094]
100 [8769]
99 [10254]
97 [1438]
97 [10439]
96 [3772]
95 [192]
95 [2106]
95 [5068]
92 [3818]
91 [10479]
90 [373]
90 [10169]
89 [8554]
87 [5126 8933]
86 [173]
85 [3637]
85 [7063]
84 [1312]
84 [6860]
83 [2044]
82 [2101]
81 [1484]
80 [11187]
80 [4790]
79 [2296]
78 [11696]
77 [8699]
77 [7069]
76 [1658]
75 [3027]
74 [9165]
74 [1440]
74 [5205]
73 [859]
71 [8472]
70 [223]
70 [3019]
70 [3828]
70 [1209 8933]
69 [9318]
69 [4463]
69 [6146]
68 [12061]
67 [5079]
67 [2947 9739]
66 [9822]
66 [8118]
65 [1345]
65 [11868]
64 [1322]
64 [8001]
64 [5875 10213]
63 [1088]
63 [4682]
63 [4882]
62 [4616]
62 [4488 5126]
61 [1565 5126]
60 [9628]
60 [6528]
59 [10043]
59 [10763]
58 [9190]
58 [1122]
58 [4186]
58 [5755]
58 [6474]
57 [3709]
57 [4407]
57 [1565 11250]
56 [9003]
56 [1403]
56 [6228]
55 [10982]
55 [5053]
55 [6056]
55 [1015 5126]
54 [1106]
54 [3118]
54 [6485]
53 [1565 10752]
52 [7110]
52 [7622]
52 [7920]
52 [8933 11476]
51 [6134]
51 [6897]
51 [1015 5079]
50 [875]
50 [916]
50 [1565 10479]
49 [9552]
49 [11009]
49 [12053]
49 [12123]
49 [5044]
49 [6407]
49 [7610]
48 [11134]
47 [606]
47 [958]
47 [5126 9739]
47 [8933 10752]
46 [56]
46 [2008]
45 [8470]
45 [809]
45 [9646]
45 [6733]
44 [9070]
44 [2227]
44 [2810]
44 [5296]
44 [6160]
44 [7063 8406]
43 [885]
43 [10485]
43 [11006]
43 [2961]
43 [11582]
43 [7559]
42 [9101]
42 [952]
42 [10325]
42 [5174]
42 [4805 10752]
41 [1938]
41 [5815]
41 [1565 3880]
41 [4488 8933]
41 [5126 5875]
40 [8201]
40 [8768]
40 [9290]
40 [9624]
40 [1665]
40 [3620]
40 [5145]
40 [1209 5126]
40 [3019 9190]
40 [3880 10752]
39 [9029]
39 [9468]
39 [1308]
39 [3254]
39 [3545]
39 [12187]
39 [4357]
39 [5444]
39 [6120]
39 [1565 11476]
39 [3880 8933]
38 [11093]
38 [3203]
38 [4486]
38 [4845]
38 [1565 3440]
37 [8724]
37 [9095]
37 [10069]
37 [7513]
37 [8078]
37 [109 5126]
37 [931 1565]
37 [5126 7509]
37 [7110 7509]
