1667 [8784]
1231 [4362]
556 [11628]
406 [3440]
373 [1209]
372 [7822]
304 [10752]
285 [6369]
277 [10069]
274 [5875]
253 [9739]
252 [5520]
228 [10483]
221 [2947]
209 [6253]
208 [6528]
198 [6253 8784]
191 [192]
185 [2570]
178 [8380]
174 [3818]
172 [4488]
171 [6393]
170 [1688]
169 [8769]
168 [3828]
159 [4362 8784]
158 [5865]
153 [4790]
148 [1848]
146 [1342]
146 [2560]
145 [7775]
144 [8699]
143 [11476]
142 [1485]
138 [10340]
137 [7983]
137 [4362 11628]
136 [9454]
135 [7055]
130 [5236]
129 [4947]
129 [5936]
128 [9628]
127 [6897]
124 [7592]
122 [4024]
121 [8860]
121 [11340]
120 [5174]
120 [7401]
119 [3118]
119 [3518]
119 [8784 10069]
118 [1658]
117 [3880]
115 [10763]
110 [5094]
109 [557]
107 [6474]
106 [9317]
106 [2047]
106 [8699 8769]
106 [8784 11628]
105 [2296]
105 [2947 9739]
104 [1345]
103 [11696]
102 [3440 4362]
101 [11009]
101 [8699 10069]
100 [10213]
100 [4359]
100 [1209 4362]
99 [9001]
97 [10082]
97 [4206]
96 [3603]
95 [4616]
93 [9318]
92 [8769 10069]
91 [1848 3118]
91 [8699 8769 10069]
89 [916]
89 [4698]
87 [12123]
87 [12187]
87 [4973]
87 [6160]
87 [3440 8784]
86 [2728]
86 [4895]
85 [11868]
84 [3143]
84 [5619]
83 [10042]
83 [2163]
83 [5520 7822]
82 [1015]
82 [1891]
82 [10411]
81 [2044]
80 [1848 8784]
79 [8711]
76 [2376]
76 [6652]
75 [12061]
75 [4024 8784]
74 [9811]
74 [1642]
74 [3027]
73 [11591]
72 [9047]
72 [859]
72 [4362 10752]
71 [1847]
71 [8784 10752]
69 [801]
69 [2368]
69 [4175]
69 [7069]
69 [7385]
68 [64]
68 [7181]
66 [8472]
66 [3709]
66 [4184]
66 [7116]
66 [8147]
66 [5936 7775]
66 [7401 9454]
65 [8421]
65 [9801]
64 [173]
64 [932]
64 [2816]
63 [885]
63 [9310]
63 [9776]
62 [1724]
62 [2094]
62 [2608]
61 [12031]
61 [4992]
60 [8784 10483]
59 [9887]
59 [4385]
59 [6142]
58 [9248]
58 [10123]
58 [4962]
58 [7559]
58 [7882]
58 [6393 8784]
57 [8535]
57 [3386]
57 [3828 8784]
56 [8118]
56 [7822 9628]
55 [8288]
55 [8310]
55 [11291]
54 [373]
54 [4805]
54 [557 8784]
53 [11846]
53 [5039]
53 [5767]
53 [7085]
53 [192 8784]
53 [3818 9887]
52 [4266]
52 [4733]
52 [4845]
52 [7509]
52 [3118 8784]
51 [4111]
51 [4362 8380]
51 [4992 6369]
50 [8511]
50 [11636]
50 [5875 10213]
49 [8359]
49 [4682]
49 [1209 6528]
49 [4362 4488]
48 [185]
48 [2024]
48 [10474]
48 [11682]
48 [8784 10082]
48 [1848 3118 8784]
47 [10254]
47 [3667]
47 [3772]
46 [5714]
46 [5781]
45 [8318]
45 [875]
45 [9520]
45 [10169]
45 [4362 5875]
45 [4616 11868]
44 [952]
44 [9646]
44 [2476]
44 [6160 8784]
43 [10439]
43 [11666]
43 [4488 8784]
43 [4895 11628]
42 [8888]
42 [10975]
42 [6384]
42 [7225]
42 [916 8784]
42 [4362 6369]
42 [4790 11628]
42 [5236 7822]
41 [1938]
41 [10702]
41 [1209 2570]
41 [2560 12031]
