1312 [11340]
802 [10763]
589 [5126]
583 [2296]
511 [10752]
489 [8333]
392 [6142]
369 [3818]
363 [11250]
357 [1565]
351 [3880]
345 [10483]
312 [10763 11340]
281 [8784]
275 [5865]
265 [10510]
251 [6918]
232 [8295]
219 [1438]
202 [8933]
177 [8438]
177 [7153]
169 [11628]
165 [5039]
163 [7181]
156 [4947]
155 [11696]
152 [554]
152 [7513]
151 [6142 11340]
146 [7116]
145 [5094]
142 [3407]
139 [10213]
137 [7069]
136 [10479]
135 [11009]
133 [1438 11340]
131 [6431]
130 [6733]
126 [6142 7153]
124 [8262]
124 [3818 5039]
123 [2296 8333]
122 [8535]
121 [11437]
119 [5755]
118 [9811]
118 [1565 11250]
111 [3254]
111 [7153 11340]
109 [6715]
104 [8288]
103 [5336]
103 [6998]
102 [3828]
101 [5747]
100 [8477]
100 [931]
99 [1642]
99 [6528]
99 [6142 7153 11340]
98 [9887]
96 [3818 9887]
94 [6839]
92 [10307]
91 [4805]
88 [1824]
87 [1688]
87 [3306]
87 [8438 11340]
86 [4362]
86 [4973]
86 [6063]
83 [3440]
81 [1209]
80 [7768]
77 [10439]
76 [9017]
76 [2248]
76 [6860]
75 [7621]
73 [4463]
73 [6608]
72 [9070]
72 [12061]
72 [4175]
72 [4486]
72 [8438 10763]
71 [916]
71 [5651]
71 [6369]
70 [1067]
70 [6018]
70 [6407]
69 [8924]
69 [2608]
69 [7055]
69 [1565 10479]
68 [4186]
68 [4947 11340]
67 [64]
67 [2570]
67 [3785]
66 [10510 11340]
65 [2296 5126]
63 [4024]
63 [1565 11340]
62 [2560]
61 [5915]
60 [9801]
60 [3411]
60 [4111]
60 [5112]
60 [2296 6608]
60 [3880 11340]
59 [3908]
58 [9297]
58 [1824 8333]
58 [10479 11250]
57 [2106]
56 [1438 10763]
55 [1682]
55 [10398]
55 [2275]
55 [3143]
55 [5815]
55 [3818 11340]
55 [3880 10752]
55 [6142 10763]
54 [11443]
53 [3386]
53 [4359]
53 [7039]
53 [5747 10483]
52 [2163]
52 [2368]
52 [4616]
51 [1342]
51 [1953]
51 [6695]
51 [2296 6018]
51 [8438 10763 11340]
50 [8711]
50 [10411]
50 [4881]
50 [4962]
50 [5714]
50 [7957]
50 [5126 11340]
50 [1438 10763 11340]
49 [8380]
49 [1015]
49 [1345]
49 [3219]
49 [1565 8933]
49 [2296 7069]
49 [3407 8295]
48 [1144]
48 [8007]
47 [1559]
47 [2070]
47 [10288]
47 [2376]
47 [10808]
47 [2816]
47 [6419]
47 [8042]
47 [10752 11340]
46 [161]
46 [9001]
46 [4947 10763]
46 [5126 10483]
46 [11250 11340]
45 [10069]
45 [2970]
45 [7070]
44 [2347]
44 [11078]
44 [11134]
44 [5232]
44 [916 10483]
44 [5126 10763]
44 [8333 11340]
43 [12187]
43 [7153 10763]
42 [2830]
42 [5551]
42 [7574]
42 [6142 10763 11340]
41 [1666]
41 [3603]
41 [4698]
41 [161 10483]
41 [1565 2296]
41 [4486 11250]
41 [5126 10752]
41 [10510 10763]
40 [1847]
40 [10794]
40 [2730]
39 [10962]
39 [11197]
39 [3518]
39 [12123]
39 [5044]
39 [7592]
38 [6169]
38 [7868]
38 [3818 10763]
38 [8262 11340]
