1288 [5875]
950 [8933]
732 [4362]
610 [5126]
538 [11628]
494 [11340]
466 [9396]
416 [9070]
400 [7055]
355 [10763]
343 [8847]
339 [3254]
336 [11078]
317 [9811]
314 [3440]
294 [3880]
283 [10340]
269 [8860]
257 [3828]
256 [1438]
232 [8333]
220 [6142]
219 [7069]
217 [10213]
213 [12061]
201 [7181]
200 [10483]
196 [1105]
194 [6528]
190 [5815]
185 [1015]
183 [2560]
181 [9801]
172 [7592]
165 [5875 8847]
161 [4359]
157 [8477]
155 [5174]
154 [5875 10213]
153 [173]
153 [9124]
143 [1440]
141 [10439]
141 [7116]
140 [3229]
135 [5875 11340]
131 [2296]
122 [5515]
120 [9726]
117 [4790]
116 [98]
116 [2275]
111 [4186]
110 [5126 5875]
109 [10752]
106 [192]
106 [98 5515]
106 [5875 8933]
106 [8933 11628]
105 [5865]
103 [6468]
103 [7822]
103 [3254 5875]
100 [2425]
100 [11437]
99 [5444]
97 [4206]
96 [7868]
93 [2248]
92 [1847]
91 [12123]
91 [4362 5875]
90 [9318]
90 [4362 8933]
89 [6918]
88 [286]
88 [801]
88 [3818]
88 [5599]
87 [9017]
87 [9248]
87 [1122]
87 [6393]
87 [6733]
86 [10006]
85 [3880 5875]
84 [3027]
84 [4184]
82 [1440 8933]
80 [1665]
79 [9628]
79 [9739]
78 [1688]
77 [7592 12061]
76 [557]
76 [4008]
76 [9396 11340]
74 [6343]
73 [914]
73 [916]
73 [8003]
72 [6897]
71 [161]
71 [2560 5875]
70 [2608]
70 [5755]
70 [7385]
69 [11443]
69 [3254 8933]
69 [4362 11628]
68 [8288]
68 [1015 7055]
68 [1438 8933]
67 [3880 8933]
66 [3637]
66 [6431]
66 [3440 4362]
66 [4362 9811]
65 [2728]
63 [662]
63 [1734]
63 [3709]
63 [4362 10763]
63 [5875 9801]
62 [7172]
62 [7983]
62 [8131]
61 [109]
61 [8438]
61 [716]
60 [11585]
60 [11687]
60 [5875 9726]
59 [8421]
59 [5220]
59 [7153]
59 [286 9726]
59 [5126 11628]
58 [10157]
58 [2044]
58 [10485]
58 [4488]
58 [6578]
58 [1438 11340]
57 [1067]
57 [10579]
57 [11187]
57 [1105 8933]
56 [10169]
56 [2174]
56 [3065]
56 [11763]
55 [1209]
55 [10123]
55 [5579]
55 [5875 6142]
54 [1233]
54 [1438 5875]
54 [5126 8933]
54 [5875 11078]
54 [10763 11340]
53 [606]
53 [1658]
53 [5094]
52 [435]
52 [10042]
52 [2671]
52 [5126 7055]
52 [8933 9396]
51 [9466]
51 [11476]
51 [4023]
51 [1105 3828]
51 [2174 11078]
50 [8380]
50 [3785]
50 [8933 10763]
49 [3603]
49 [3719]
47 [10319]
47 [3203]
47 [11708]
47 [2425 8131]
47 [4362 5126]
47 [8933 11078]
46 [267]
46 [9552]
46 [2365]
46 [2397]
46 [4973]
46 [161 10483]
46 [173 9811]
46 [7181 8933]
46 [8933 9070]
45 [10411]
45 [2830]
45 [11696]
45 [5714]
45 [7783]
45 [3440 8933]
45 [3828 8933]
45 [5875 7069]
45 [7055 12061]
45 [9396 10763]
44 [8769]
44 [1222]
44 [1407]
44 [1485]
44 [1666]
44 [2101]
44 [11004]
44 [5232]
44 [6494]
44 [8001]
44 [4362 7055]
44 [5875 10763]
44 [8933 9466]
44 [8933 11340]
43 [185]
43 [9290]
43 [1591]
43 [10510]
43 [4079]
43 [7621]
43 [1440 9811]
43 [5875 11628]
42 [8693]
42 [1088]
42 [10069]
42 [1891]
42 [2163]
42 [7319]
42 [7768]
