466 [9396]
416 [9070]
400 [7055]
355 [10763]
336 [11078]
317 [9811]
314 [3440]
283 [10340]
269 [8860]
257 [3828]
256 [1438]
232 [8333]
220 [6142]
219 [7069]
213 [12061]
201 [7181]
200 [10483]
196 [1105]
194 [6528]
190 [5815]
185 [1015]
183 [2560]
181 [9801]
172 [7592]
165 [5875 8847]
161 [4359]
157 [8477]
155 [5174]
154 [5875 10213]
153 [173]
153 [9124]
143 [1440]
141 [10439]
141 [7116]
140 [3229]
135 [5875 11340]
131 [2296]
120 [9726]
117 [4790]
116 [2275]
111 [4186]
110 [5126 5875]
109 [10752]
106 [98 5515]
106 [5875 8933]
106 [8933 11628]
106 [192]
105 [5865]
103 [3254 5875]
103 [6468]
103 [7822]
100 [2425]
100 [11437]
99 [5444]
97 [4206]
96 [7868]
93 [2248]
92 [1847]
91 [4362 5875]
91 [12123]
90 [4362 8933]
90 [9318]
89 [6918]
88 [286]
88 [801]
88 [3818]
88 [5599]
87 [9017]
87 [9248]
87 [1122]
87 [6393]
87 [6733]
86 [10006]
85 [3880 5875]
84 [3027]
84 [4184]
