589 [5126]
511 [10752]
351 [3880]
345 [10483]
312 [10763 11340]
281 [8784]
275 [5865]
265 [10510]
251 [6918]
232 [8295]
202 [8933]
169 [11628]
163 [7181]
156 [4947]
155 [11696]
152 [554]
152 [7513]
146 [7116]
145 [5094]
142 [3407]
139 [10213]
137 [7069]
136 [10479]
135 [11009]
133 [1438 11340]
131 [6431]
130 [6733]
124 [3818 5039]
124 [8262]
123 [2296 8333]
122 [8535]
121 [11437]
119 [5755]
118 [1565 11250]
118 [9811]
111 [3254]
109 [6715]
104 [8288]
103 [5336]
103 [6998]
102 [3828]
101 [5747]
100 [8477]
100 [931]
99 [6142 7153 11340]
99 [1642]
99 [6528]
96 [3818 9887]
94 [6839]
92 [10307]
91 [4805]
88 [1824]
87 [8438 11340]
87 [1688]
87 [3306]
86 [4362]
86 [4973]
86 [6063]
83 [3440]
81 [1209]
80 [7768]
77 [10439]
76 [9017]
76 [2248]
76 [6860]
