428 [10752]
399 [931]
352 [9739]
287 [1015]
265 [5875]
239 [3518]
221 [1209]
221 [3880]
209 [4805]
201 [109]
194 [11476]
192 [6369]
190 [1565 8933]
190 [7509]
183 [9811]
181 [10213]
175 [3440]
171 [8860]
169 [8380]
149 [11250]
147 [8406]
143 [5599]
143 [7181]
141 [8262]
140 [10006]
137 [9776]
137 [9801]
137 [11466]
137 [3603]
136 [10510]
131 [10474]
127 [801]
123 [2947]
122 [1067 8933]
120 [1565 4488 7244]
120 [7055]
119 [8333]
117 [11628]
115 [10483]
112 [4155]
110 [1642]
105 [11340]
104 [11217]
102 [5094]
100 [8769]
99 [10254]
97 [1438]
97 [10439]
96 [3772]
95 [192]
95 [2106]
95 [5068]
92 [3818]
91 [10479]
90 [373]
90 [10169]
89 [8554]
87 [5126 8933]
86 [173]
85 [3637]
85 [7063]
84 [1312]
84 [6860]
83 [2044]
82 [2101]
81 [1484]
80 [11187]
80 [4790]
79 [2296]
78 [11696]
77 [8699]
77 [7069]
76 [1658]
75 [3027]
74 [9165]
74 [1440]
74 [5205]
