1667 [8784]
1231 [4362]
556 [11628]
406 [3440]
373 [1209]
372 [7822]
304 [10752]
285 [6369]
277 [10069]
274 [5875]
253 [9739]
252 [5520]
228 [10483]
221 [2947]
209 [6253]
208 [6528]
198 [6253 8784]
191 [192]
185 [2570]
178 [8380]
174 [3818]
172 [4488]
171 [6393]
170 [1688]
169 [8769]
168 [3828]
159 [4362 8784]
158 [5865]
153 [4790]
148 [1848]
146 [1342]
146 [2560]
145 [7775]
144 [8699]
143 [11476]
142 [1485]
138 [10340]
137 [4362 11628]
137 [7983]
136 [9454]
135 [7055]
130 [5236]
129 [4947]
129 [5936]
128 [9628]
127 [6897]
124 [7592]
122 [4024]
121 [8860]
121 [11340]
120 [5174]
120 [7401]
119 [8784 10069]
119 [3118]
119 [3518]
118 [1658]
117 [3880]
115 [10763]
110 [5094]
109 [557]
107 [6474]
106 [8699 8769]
106 [8784 11628]
106 [9317]
106 [2047]
105 [2947 9739]
105 [2296]
104 [1345]
103 [11696]
102 [3440 4362]
101 [8699 10069]
101 [11009]
100 [1209 4362]
100 [10213]
100 [4359]
99 [9001]
97 [10082]
97 [4206]
96 [3603]
95 [4616]
93 [9318]
92 [8769 10069]
91 [8699 8769 10069]
91 [1848 3118]
89 [916]
89 [4698]
87 [3440 8784]
87 [12123]
87 [12187]
87 [4973]
87 [6160]
86 [2728]
86 [4895]
85 [11868]
84 [3143]
84 [5619]
83 [5520 7822]
83 [10042]
83 [2163]
82 [1015]
82 [1891]
82 [10411]
