1324 [8933]
1120 [10763]
1038 [109]
821 [801]
454 [4362]
435 [109 801]
418 [11628]
408 [11340]
384 [5094]
365 [1565]
352 [9070]
351 [2560]
340 [4947]
327 [2296]
324 [8438]
264 [10752]
228 [1565 8933]
228 [8333]
217 [109 10763]
211 [9811]
206 [6142]
193 [931]
190 [8933 10763]
188 [3440]
177 [1144]
169 [801 10763]
165 [9204]
165 [6431]
161 [1440]
160 [11187]
158 [8288]
152 [6528]
146 [9739]
145 [8438 8933]
142 [5875]
139 [1847]
138 [5579]
137 [8380]
137 [8860]
137 [9646]
135 [1209]
134 [8438 10763]
129 [11217]
128 [7153]
126 [9290]
126 [1485]
124 [5126]
119 [2101]
117 [5174]
116 [3818]
115 [4947 10763]
110 [5336]
109 [10763 11340]
108 [4616]
105 [12031]
103 [3203]
102 [9248]
102 [2275]
101 [1015]
100 [1440 8933]
100 [4362 10763]
98 [109 801 10763]
98 [11691]
98 [5755]
97 [7070]
92 [2850]
92 [3306]
91 [5094 8933]
90 [2560 12031]
90 [10529]
90 [6652]
85 [2510]
81 [5579 10763]
81 [9130]
80 [801 4362]
80 [4947 8933]
80 [1824]
80 [4359]
79 [801 6528]
79 [6578]
78 [801 11628]
78 [8359]
